start=2589.790000
volume=150.000000
