start=3048.215000
volume=159.000000
sid=1
