start=570.137000
brightness=1.000000
